53705,900,50735
53705,900,50743
53705,900,50751
53705,900,50759
53705,900,50767
53705,900,50775
53705,900,50783
53705,900,50791
53705,900,50799
53705,900,50807
53705,900,50815
53705,900,50823
53705,900,50831
53705,900,50839
53705,900,50847
53705,900,50855
53705,900,50863
53705,900,50871
53705,900,50879
53705,900,50887
53705,900,50895
53705,900,50903
53705,900,50911
53705,900,50919
53705,900,50927
53705,900,50935
53705,900,50943
53705,900,50951
53705,900,50959
53705,900,50967
53705,900,50975
53705,900,50983
53713,900,50735
53713,900,50743
53713,900,50751
53713,900,50759
53713,900,50767
53713,900,50775
53713,900,50783
53713,900,50791
53713,900,50799
53713,900,50807
53713,900,50815
53713,900,50823
53713,900,50831
53713,900,50839
53713,900,50847
53713,900,50855
53713,900,50863
53713,900,50871
53713,900,50879
53713,900,50887
53713,900,50895
53713,900,50903
53713,900,50911
53713,900,50919
53713,900,50927
53713,900,50935
53713,900,50943
53713,900,50951
53713,900,50959
53713,900,50967
53713,900,50975
53713,900,50983
53721,900,50735
53721,900,50743
53721,900,50751
53721,900,50759
53721,900,50767
53721,900,50775
53721,900,50783
53721,900,50791
53721,900,50799
53721,900,50807
53721,900,50815
53721,900,50823
53721,900,50831
53721,900,50839
53721,900,50847
53721,900,50855
53721,900,50863
53721,900,50871
53721,900,50879
53721,900,50887
53721,900,50895
53721,900,50903
53721,900,50911
53721,900,50919
53721,900,50927
53721,900,50935
53721,900,50943
53721,900,50951
53721,900,50959
53721,900,50967
53721,900,50975
53721,900,50983
53729,900,50735
53729,900,50743
53729,900,50751
53729,900,50759
53729,900,50767
53729,900,50775
53729,900,50783
53729,900,50791
53729,900,50799
53729,900,50807
53729,900,50815
53729,900,50823
53729,900,50831
53729,900,50839
53729,900,50847
53729,900,50855
53729,900,50863
53729,900,50871
53729,900,50879
53729,900,50887
53729,900,50895
53729,900,50903
53729,900,50911
53729,900,50919
53729,900,50927
53729,900,50935
53729,900,50943
53729,900,50951
53729,900,50959
53729,900,50967
53729,900,50975
53729,900,50983
53737,900,50735
53737,900,50743
53737,900,50751
53737,900,50759
53737,900,50767
53737,900,50775
53737,900,50783
53737,900,50791
53737,900,50799
53737,900,50807
53737,900,50815
53737,900,50823
53737,900,50831
53737,900,50839
53737,900,50847
53737,900,50855
53737,900,50863
53737,900,50871
53737,900,50879
53737,900,50887
53737,900,50895
53737,900,50903
53737,900,50911
53737,900,50919
53737,900,50927
53737,900,50935
53737,900,50943
53737,900,50951
53737,900,50959
53737,900,50967
53737,900,50975
53737,900,50983
53745,900,50735
53745,900,50743
53745,900,50751
53745,900,50759
53745,900,50767
53745,900,50775
53745,900,50783
53745,900,50791
53745,900,50799
53745,900,50807
53745,900,50815
53745,900,50823
53745,900,50831
53745,900,50839
53745,900,50847
53745,900,50855
53745,900,50863
53745,900,50871
53745,900,50879
53745,900,50887
53745,900,50895
53745,900,50903
53745,900,50911
53745,900,50919
53745,900,50927
53745,900,50935
53745,900,50943
53745,900,50951
53745,900,50959
53745,900,50967
53745,900,50975
53745,900,50983
53753,900,50735
53753,900,50743
53753,900,50751
53753,900,50759
53753,900,50767
53753,900,50775
53753,900,50783
53753,900,50791
53753,900,50799
53753,900,50807
53753,900,50815
53753,900,50823
53753,900,50831
53753,900,50839
53753,900,50847
53753,900,50855
53753,900,50863
53753,900,50871
53753,900,50879
53753,900,50887
53753,900,50895
53753,900,50903
53753,900,50911
53753,900,50919
53753,900,50927
53753,900,50935
53753,900,50943
53753,900,50951
53753,900,50959
53753,900,50967
53753,900,50975
53753,900,50983
53761,900,50735
53761,900,50743
53761,900,50751
53761,900,50759
53761,900,50767
53761,900,50775
53761,900,50783
53761,900,50791
53761,900,50799
53761,900,50807
53761,900,50815
53761,900,50823
53761,900,50831
53761,900,50839
53761,900,50847
53761,900,50855
53761,900,50863
53761,900,50871
53761,900,50879
53761,900,50887
53761,900,50895
53761,900,50903
53761,900,50911
53761,900,50919
53761,900,50927
53761,900,50935
53761,900,50943
53761,900,50951
53761,900,50959
53761,900,50967
53761,900,50975
53761,900,50983
53769,900,50735
53769,900,50743
53769,900,50751
53769,900,50759
53769,900,50767
53769,900,50775
53769,900,50783
53769,900,50791
53769,900,50799
53769,900,50807
53769,900,50815
53769,900,50823
53769,900,50831
53769,900,50839
53769,900,50847
53769,900,50855
53769,900,50863
53769,900,50871
53769,900,50879
53769,900,50887
53769,900,50895
53769,900,50903
53769,900,50911
53769,900,50919
53769,900,50927
53769,900,50935
53769,900,50943
53769,900,50951
53769,900,50959
53769,900,50967
53769,900,50975
53769,900,50983
53777,900,50735
53777,900,50743
53777,900,50751
53777,900,50759
53777,900,50767
53777,900,50775
53777,900,50783
53777,900,50791
53777,900,50799
53777,900,50807
53777,900,50815
53777,900,50823
53777,900,50831
53777,900,50839
53777,900,50847
53777,900,50855
53777,900,50863
53777,900,50871
53777,900,50879
53777,900,50887
53777,900,50895
53777,900,50903
53777,900,50911
53777,900,50919
53777,900,50927
53777,900,50935
53777,900,50943
53777,900,50951
53777,900,50959
53777,900,50967
53777,900,50975
53777,900,50983
53785,900,50735
53785,900,50743
53785,900,50751
53785,900,50759
53785,900,50767
53785,900,50775
53785,900,50783
53785,900,50791
53785,900,50799
53785,900,50807
53785,900,50815
53785,900,50823
53785,900,50831
53785,900,50839
53785,900,50847
53785,900,50855
53785,900,50863
53785,900,50871
53785,900,50879
53785,900,50887
53785,900,50895
53785,900,50903
53785,900,50911
53785,900,50919
53785,900,50927
53785,900,50935
53785,900,50943
53785,900,50951
53785,900,50959
53785,900,50967
53785,900,50975
53785,900,50983
53793,900,50735
53793,900,50743
53793,900,50751
53793,900,50759
53793,900,50767
53793,900,50775
53793,900,50783
53793,900,50791
53793,900,50799
53793,900,50807
53793,900,50815
53793,900,50823
53793,900,50831
53793,900,50839
53793,900,50847
53793,900,50855
53793,900,50863
53793,900,50871
53793,900,50879
53793,900,50887
53793,900,50895
53793,900,50903
53793,900,50911
53793,900,50919
53793,900,50927
53793,900,50935
53793,900,50943
53793,900,50951
53793,900,50959
53793,900,50967
53793,900,50975
53793,900,50983
53801,900,50735
53801,900,50743
53801,900,50751
53801,900,50759
53801,900,50767
53801,900,50775
53801,900,50783
53801,900,50791
53801,900,50799
53801,900,50807
53801,900,50815
53801,900,50823
53801,900,50831
53801,900,50839
53801,900,50847
53801,900,50855
53801,900,50863
53801,900,50871
53801,900,50879
53801,900,50887
53801,900,50895
53801,900,50903
53801,900,50911
53801,900,50919
53801,900,50927
53801,900,50935
53801,900,50943
53801,900,50951
53801,900,50959
53801,900,50967
53801,900,50975
53801,900,50983
53809,900,50735
53809,900,50743
53809,900,50751
53809,900,50759
53809,900,50767
53809,900,50775
53809,900,50783
53809,900,50791
53809,900,50799
53809,900,50807
53809,900,50815
53809,900,50823
53809,900,50831
53809,900,50839
53809,900,50847
53809,900,50855
53809,900,50863
53809,900,50871
53809,900,50879
53809,900,50887
53809,900,50895
53809,900,50903
53809,900,50911
53809,900,50919
53809,900,50927
53809,900,50935
53809,900,50943
53809,900,50951
53809,900,50959
53809,900,50967
53809,900,50975
53809,900,50983
53817,900,50735
53817,900,50743
53817,900,50751
53817,900,50759
53817,900,50767
53817,900,50775
53817,900,50783
53817,900,50791
53817,900,50799
53817,900,50807
53817,900,50815
53817,900,50823
53817,900,50831
53817,900,50839
53817,900,50847
53817,900,50855
53817,900,50863
53817,900,50871
53817,900,50879
53817,900,50887
53817,900,50895
53817,900,50903
53817,900,50911
53817,900,50919
53817,900,50927
53817,900,50935
53817,900,50943
53817,900,50951
53817,900,50959
53817,900,50967
53817,900,50975
53817,900,50983
53825,900,50735
53825,900,50743
53825,900,50751
53825,900,50759
53825,900,50767
53825,900,50775
53825,900,50783
53825,900,50791
53825,900,50799
53825,900,50807
53825,900,50815
53825,900,50823
53825,900,50831
53825,900,50839
53825,900,50847
53825,900,50855
53825,900,50863
53825,900,50871
53825,900,50879
53825,900,50887
53825,900,50895
53825,900,50903
53825,900,50911
53825,900,50919
53825,900,50927
53825,900,50935
53825,900,50943
53825,900,50951
53825,900,50959
53825,900,50967
53825,900,50975
53825,900,50983
53833,900,50735
53833,900,50743
53833,900,50751
53833,900,50759
53833,900,50767
53833,900,50775
53833,900,50783
53833,900,50791
53833,900,50799
53833,900,50807
53833,900,50815
53833,900,50823
53833,900,50831
53833,900,50839
53833,900,50847
53833,900,50855
53833,900,50863
53833,900,50871
53833,900,50879
53833,900,50887
53833,900,50895
53833,900,50903
53833,900,50911
53833,900,50919
53833,900,50927
53833,900,50935
53833,900,50943
53833,900,50951
53833,900,50959
53833,900,50967
53833,900,50975
53833,900,50983
53841,900,50735
53841,900,50743
53841,900,50751
53841,900,50759
53841,900,50767
53841,900,50775
53841,900,50783
53841,900,50791
53841,900,50799
53841,900,50807
53841,900,50815
53841,900,50823
53841,900,50831
53841,900,50839
53841,900,50847
53841,900,50855
53841,900,50863
53841,900,50871
53841,900,50879
53841,900,50887
53841,900,50895
53841,900,50903
53841,900,50911
53841,900,50919
53841,900,50927
53841,900,50935
53841,900,50943
53841,900,50951
53841,900,50959
53841,900,50967
53841,900,50975
53841,900,50983
53849,900,50735
53849,900,50743
53849,900,50751
53849,900,50759
53849,900,50767
53849,900,50775
53849,900,50783
53849,900,50791
53849,900,50799
53849,900,50807
53849,900,50815
53849,900,50823
53849,900,50831
53849,900,50839
53849,900,50847
53849,900,50855
53849,900,50863
53849,900,50871
53849,900,50879
53849,900,50887
53849,900,50895
53849,900,50903
53849,900,50911
53849,900,50919
53849,900,50927
53849,900,50935
53849,900,50943
53849,900,50951
53849,900,50959
53849,900,50967
53849,900,50975
53849,900,50983
53857,900,50735
53857,900,50743
53857,900,50751
53857,900,50759
53857,900,50767
53857,900,50775
53857,900,50783
53857,900,50791
53857,900,50799
53857,900,50807
53857,900,50815
53857,900,50823
53857,900,50831
53857,900,50839
53857,900,50847
53857,900,50855
53857,900,50863
53857,900,50871
53857,900,50879
53857,900,50887
53857,900,50895
53857,900,50903
53857,900,50911
53857,900,50919
53857,900,50927
53857,900,50935
53857,900,50943
53857,900,50951
53857,900,50959
53857,900,50967
53857,900,50975
53857,900,50983
53865,900,50735
53865,900,50743
53865,900,50751
53865,900,50759
53865,900,50767
53865,900,50775
53865,900,50783
53865,900,50791
53865,900,50799
53865,900,50807
53865,900,50815
53865,900,50823
53865,900,50831
53865,900,50839
53865,900,50847
53865,900,50855
53865,900,50863
53865,900,50871
53865,900,50879
53865,900,50887
53865,900,50895
53865,900,50903
53865,900,50911
53865,900,50919
53865,900,50927
53865,900,50935
53865,900,50943
53865,900,50951
53865,900,50959
53865,900,50967
53865,900,50975
53865,900,50983
53873,900,50735
53873,900,50743
53873,900,50751
53873,900,50759
53873,900,50767
53873,900,50775
53873,900,50783
53873,900,50791
53873,900,50799
53873,900,50807
53873,900,50815
53873,900,50823
53873,900,50831
53873,900,50839
53873,900,50847
53873,900,50855
53873,900,50863
53873,900,50871
53873,900,50879
53873,900,50887
53873,900,50895
53873,900,50903
53873,900,50911
53873,900,50919
53873,900,50927
53873,900,50935
53873,900,50943
53873,900,50951
53873,900,50959
53873,900,50967
53873,900,50975
53873,900,50983
53881,900,50735
53881,900,50743
53881,900,50751
53881,900,50759
53881,900,50767
53881,900,50775
53881,900,50783
53881,900,50791
53881,900,50799
53881,900,50807
53881,900,50815
53881,900,50823
53881,900,50831
53881,900,50839
53881,900,50847
53881,900,50855
53881,900,50863
53881,900,50871
53881,900,50879
53881,900,50887
53881,900,50895
53881,900,50903
53881,900,50911
53881,900,50919
53881,900,50927
53881,900,50935
53881,900,50943
53881,900,50951
53881,900,50959
53881,900,50967
53881,900,50975
53881,900,50983
53889,900,50735
53889,900,50743
53889,900,50751
53889,900,50759
53889,900,50767
53889,900,50775
53889,900,50783
53889,900,50791
53889,900,50799
53889,900,50807
53889,900,50815
53889,900,50823
53889,900,50831
53889,900,50839
53889,900,50847
53889,900,50855
53889,900,50863
53889,900,50871
53889,900,50879
53889,900,50887
53889,900,50895
53889,900,50903
53889,900,50911
53889,900,50919
53889,900,50927
53889,900,50935
53889,900,50943
53889,900,50951
53889,900,50959
53889,900,50967
53889,900,50975
53889,900,50983
53897,900,50735
53897,900,50743
53897,900,50751
53897,900,50759
53897,900,50767
53897,900,50775
53897,900,50783
53897,900,50791
53897,900,50799
53897,900,50807
53897,900,50815
53897,900,50823
53897,900,50831
53897,900,50839
53897,900,50847
53897,900,50855
53897,900,50863
53897,900,50871
53897,900,50879
53897,900,50887
53897,900,50895
53897,900,50903
53897,900,50911
53897,900,50919
53897,900,50927
53897,900,50935
53897,900,50943
53897,900,50951
53897,900,50959
53897,900,50967
53897,900,50975
53897,900,50983
53905,900,50735
53905,900,50743
53905,900,50751
53905,900,50759
53905,900,50767
53905,900,50775
53905,900,50783
53905,900,50791
53905,900,50799
53905,900,50807
53905,900,50815
53905,900,50823
53905,900,50831
53905,900,50839
53905,900,50847
53905,900,50855
53905,900,50863
53905,900,50871
53905,900,50879
53905,900,50887
53905,900,50895
53905,900,50903
53905,900,50911
53905,900,50919
53905,900,50927
53905,900,50935
53905,900,50943
53905,900,50951
53905,900,50959
53905,900,50967
53905,900,50975
53905,900,50983
53913,900,50735
53913,900,50743
53913,900,50751
53913,900,50759
53913,900,50767
53913,900,50775
53913,900,50783
53913,900,50791
53913,900,50799
53913,900,50807
53913,900,50815
53913,900,50823
53913,900,50831
53913,900,50839
53913,900,50847
53913,900,50855
53913,900,50863
53913,900,50871
53913,900,50879
53913,900,50887
53913,900,50895
53913,900,50903
53913,900,50911
53913,900,50919
53913,900,50927
53913,900,50935
53913,900,50943
53913,900,50951
53913,900,50959
53913,900,50967
53913,900,50975
53913,900,50983
53921,900,50735
53921,900,50743
53921,900,50751
53921,900,50759
53921,900,50767
53921,900,50775
53921,900,50783
53921,900,50791
53921,900,50799
53921,900,50807
53921,900,50815
53921,900,50823
53921,900,50831
53921,900,50839
53921,900,50847
53921,900,50855
53921,900,50863
53921,900,50871
53921,900,50879
53921,900,50887
53921,900,50895
53921,900,50903
53921,900,50911
53921,900,50919
53921,900,50927
53921,900,50935
53921,900,50943
53921,900,50951
53921,900,50959
53921,900,50967
53921,900,50975
53921,900,50983
53929,900,50735
53929,900,50743
53929,900,50751
53929,900,50759
53929,900,50767
53929,900,50775
53929,900,50783
53929,900,50791
53929,900,50799
53929,900,50807
53929,900,50815
53929,900,50823
53929,900,50831
53929,900,50839
53929,900,50847
53929,900,50855
53929,900,50863
53929,900,50871
53929,900,50879
53929,900,50887
53929,900,50895
53929,900,50903
53929,900,50911
53929,900,50919
53929,900,50927
53929,900,50935
53929,900,50943
53929,900,50951
53929,900,50959
53929,900,50967
53929,900,50975
53929,900,50983
53937,900,50735
53937,900,50743
53937,900,50751
53937,900,50759
53937,900,50767
53937,900,50775
53937,900,50783
53937,900,50791
53937,900,50799
53937,900,50807
53937,900,50815
53937,900,50823
53937,900,50831
53937,900,50839
53937,900,50847
53937,900,50855
53937,900,50863
53937,900,50871
53937,900,50879
53937,900,50887
53937,900,50895
53937,900,50903
53937,900,50911
53937,900,50919
53937,900,50927
53937,900,50935
53937,900,50943
53937,900,50951
53937,900,50959
53937,900,50967
53937,900,50975
53937,900,50983
53945,900,50735
53945,900,50743
53945,900,50751
53945,900,50759
53945,900,50767
53945,900,50775
53945,900,50783
53945,900,50791
53945,900,50799
53945,900,50807
53945,900,50815
53945,900,50823
53945,900,50831
53945,900,50839
53945,900,50847
53945,900,50855
53945,900,50863
53945,900,50871
53945,900,50879
53945,900,50887
53945,900,50895
53945,900,50903
53945,900,50911
53945,900,50919
53945,900,50927
53945,900,50935
53945,900,50943
53945,900,50951
53945,900,50959
53945,900,50967
53945,900,50975
53945,900,50983
53953,900,50735
53953,900,50743
53953,900,50751
53953,900,50759
53953,900,50767
53953,900,50775
53953,900,50783
53953,900,50791
53953,900,50799
53953,900,50807
53953,900,50815
53953,900,50823
53953,900,50831
53953,900,50839
53953,900,50847
53953,900,50855
53953,900,50863
53953,900,50871
53953,900,50879
53953,900,50887
53953,900,50895
53953,900,50903
53953,900,50911
53953,900,50919
53953,900,50927
53953,900,50935
53953,900,50943
53953,900,50951
53953,900,50959
53953,900,50967
53953,900,50975
53953,900,50983
